Packet: 226  Time: 89 s

TransOp:[0]

Data A
SceneCreateObjectByCRC

72.148.18.246:44463 -> 192.168.2.2:3103(Server -> Client)
Enc: T   Comp: T    Seed: 0x00    Length: 485

00 09 00 6C 00 19 2F 05 00 EA DD 89 FE 77 52 43        ...l../......wRC
01 00 00 00 00 00 00 00 00 00 00 00 00 00 00 00        ................
00 00 00 80 3F 7B 94 B6 C4 00 00 20 41 A4 F4 6A        ....?{......A..j
C5 3D A5 57 6A 00 8E 05 00 0C 5F A7 68 77 52 43        .=.Wj....._.hwRC
01 00 00 00 00 4F 45 52 43 03 77 00 00 00 12 00        .....OERC.w.....
00 00 20 41 00 00 00 00 00 00 00 00 00 00 00 00        ...A............
CA E5 85 00 00 00 00 00 00 00 00 00 00 00 08 01        ................
00 00 00 00 00 00 00 00 00 00 00 00 00 00 00 00        ................
FF 00 00 00 00 00 00 00 00 00 00 00 00 00 00 00        ................
00 00 00 00 00 00 00 00 00 09 00 00 00 00 00 00        ................
00 00 00 00 00 00 00 00 00 00 00 00 00 00 00 00        ................
00 00 00 00 00 00 00 00 00 00 00 00 00 00 00 00        ................
00 00 00 00 00 C7 05 00 0C 5F A7 68 77 52 43 01        ........._.hwRC.
00 00 00 00 4F 45 52 43 06 B0 00 00 00 16 00 3D        ....OERC.......=
00 00 00 00 00 00 00 00 00 00 00 00 00 00 00 04        ................
00 6E 6F 6E 65 00 00 00 00 00 00 00 00 00 00 00        .none...........
00 00 00 00 00 00 00 00 00 00 00 00 00 00 00 00        ................
00 00 00 00 00 00 00 00 00 00 00 00 00 00 00 00        ................
00 00 00 00 00 00 00 00 00 00 09 00 00 00 00 00        ................
00 00 00 00 00 00 00 00 00 00 00 00 00 00 00 00        ................
00 00 00 00 00 00 00 00 00 00 00 00 00 00 00 00        ................
00 00 00 00 00 00 09 00 00 00 00 00 00 00 00 00        ................
00 00 00 00 00 00 00 00 00 00 00 00 00 00 00 00        ................
00 00 00 00 00 00 00 00 00 00 00 00 00 00 00 00        ................
00 00 00 00 00 00 00 00 00 00 00 00 00 16 04 00        ................
26 C1 A1 08 00 00 00 00 00 00 00 00 77 52 43 01        &...........wRC.
00 00 00 00 0E 02 00 37 60 43 2C 77 52 43 01 00        .......7`C,wRC..
00 00 00 2F 05 00 EA DD 89 FE A9 C8 E7 4E 00 00        .../.........N..
00 00 00 00 00 00 70 07 7E 3F 00 00 00 00 12 A5        ......p.~?......
FD 3D B8 16 9F C4 47 72 48 41 71 51 65 C5 55 C9        .=....GrHAqQe.U.
9C 76 00 E6 D1                                         .v...

-----------------------------------------

Found CRCs:

6A57A53D   object/static/structure/nobuild/shared_nobuild_128.iff
769CC955   object/tangible/terminal/shared_terminal_bank.iff

---------------------------------------------

+++++++++++++++++++++++++++++++++++++++++++++++++++++++++++++++++++++++

Packet: 227  Time: 89 s

TransOp:[0]

Data A
BaselinesMessage

72.148.18.246:44463 -> 192.168.2.2:3103(Server -> Client)
Enc: T   Comp: T    Seed: 0x00    Length: 463

00 09 00 6D 00 19 A8 05 00 0C 5F A7 68 A9 C8 E7        ...m......_.h...
4E 00 00 00 00 4F 45 52 43 03 91 00 00 00 12 00        N....OERC.......
00 00 20 41 0D 00 74 65 72 6D 69 6E 61 6C 5F 6E        ...A..terminal_n
61 6D 65 00 00 00 00 0D 00 74 65 72 6D 69 6E 61        ame......termina
6C 5F 62 61 6E 6B 00 00 00 00 CA E5 85 00 00 00        l_bank..........
00 00 00 00 00 00 00 00 08 01 00 00 00 00 00 00        ................
00 00 00 00 00 00 00 00 00 00 FF 00 00 00 00 00        ................
00 00 00 00 00 00 00 00 00 00 00 00 00 00 00 00        ................
00 00 00 09 00 00 00 00 00 00 00 00 00 00 00 00        ................
00 00 00 00 00 00 00 00 00 00 00 00 00 00 00 00        ................
00 00 00 00 00 00 00 00 00 00 00 00 00 00 00 C7        ................
05 00 0C 5F A7 68 A9 C8 E7 4E 00 00 00 00 4F 45        ..._.h...N....OE
52 43 06 B0 00 00 00 16 00 3D 00 00 00 00 00 00        RC.......=......
00 00 00 00 00 00 00 00 00 04 00 6E 6F 6E 65 00        ...........none.
00 00 00 00 00 00 00 00 00 00 00 00 00 00 00 00        ................
00 00 00 00 00 00 00 00 00 00 00 00 00 00 00 00        ................
00 00 00 00 00 00 00 00 00 00 00 00 00 00 00 00        ................
00 00 00 00 09 00 00 00 00 00 00 00 00 00 00 00        ................
00 00 00 00 00 00 00 00 00 00 00 00 00 00 00 00        ................
00 00 00 00 00 00 00 00 00 00 00 00 00 00 00 00        ................
09 00 00 00 00 00 00 00 00 00 00 00 00 00 00 00        ................
00 00 00 00 00 00 00 00 00 00 00 00 00 00 00 00        ................
00 00 00 00 00 00 00 00 00 00 00 00 00 00 00 00        ................
00 00 00 00 00 00 00 16 04 00 26 C1 A1 08 00 00        ..........&.....
00 00 00 00 00 00 A9 C8 E7 4E 00 00 00 00 0E 02        .........N......
00 37 60 43 2C A9 C8 E7 4E 00 00 00 00 2F 05 00        .7`C,...N..../..
EA DD 89 FE 6A DD 40 01 00 00 00 00 00 00 00 00        ....j.@.........
00 00 00 00 00 00 00 00 00 00 80 3F B8 46 84 C4        ...........?.F..
00 00 40 41 E1 BE 63 C5 3D A5 57 6A 00 19 69           ..@A..c.=.Wj..i

-----------------------------------------

Found CRCs:

6A57A53D   object/static/structure/nobuild/shared_nobuild_128.iff

---------------------------------------------

+++++++++++++++++++++++++++++++++++++++++++++++++++++++++++++++++++++++

Packet: 228  Time: 89 s

TransOp:[0]

Data A
BaselinesMessage

72.148.18.246:44463 -> 192.168.2.2:3103(Server -> Client)
Enc: T   Comp: T    Seed: 0x00    Length: 437

00 09 00 6E 00 19 8E 05 00 0C 5F A7 68 6A DD 40        ...n......_.hj.@
01 00 00 00 00 4F 45 52 43 03 77 00 00 00 12 00        .....OERC.w.....
00 00 20 41 00 00 00 00 00 00 00 00 00 00 00 00        ...A............
CA E5 85 00 00 00 00 00 00 00 00 00 00 00 08 01        ................
00 00 00 00 00 00 00 00 00 00 00 00 00 00 00 00        ................
FF 00 00 00 00 00 00 00 00 00 00 00 00 00 00 00        ................
00 00 00 00 00 00 00 00 00 09 00 00 00 00 00 00        ................
00 00 00 00 00 00 00 00 00 00 00 00 00 00 00 00        ................
00 00 00 00 00 00 00 00 00 00 00 00 00 00 00 00        ................
00 00 00 00 00 C7 05 00 0C 5F A7 68 6A DD 40 01        ........._.hj.@.
00 00 00 00 4F 45 52 43 06 B0 00 00 00 16 00 3D        ....OERC.......=
00 00 00 00 00 00 00 00 00 00 00 00 00 00 00 04        ................
00 6E 6F 6E 65 00 00 00 00 00 00 00 00 00 00 00        .none...........
00 00 00 00 00 00 00 00 00 00 00 00 00 00 00 00        ................
00 00 00 00 00 00 00 00 00 00 00 00 00 00 00 00        ................
00 00 00 00 00 00 00 00 00 00 09 00 00 00 00 00        ................
00 00 00 00 00 00 00 00 00 00 00 00 00 00 00 00        ................
00 00 00 00 00 00 00 00 00 00 00 00 00 00 00 00        ................
00 00 00 00 00 00 09 00 00 00 00 00 00 00 00 00        ................
00 00 00 00 00 00 00 00 00 00 00 00 00 00 00 00        ................
00 00 00 00 00 00 00 00 00 00 00 00 00 00 00 00        ................
00 00 00 00 00 00 00 00 00 00 00 00 00 16 04 00        ................
26 C1 A1 08 00 00 00 00 00 00 00 00 6A DD 40 01        &...........j.@.
00 00 00 00 0E 02 00 37 60 43 2C 6A DD 40 01 00        .......7`C,j.@..
00 00 00 2F 05 00 EA DD 89 FE 64 37 31 01 00 00        .../......d71...
00 00 00 00 00 00 1C 95 7F 3F 00 00 00 00 EA D0        ........?......
69 BD 00 A0 9F C4 00 00 40 41 00 30 5D C5 23 44        i.......@A.0].#D
90 BB 00 DD 34                                         ....4

-----------------------------------------

Found CRCs:

BB904423   object/mobile/shared_dressed_brawler_trainer_01.iff

---------------------------------------------

+++++++++++++++++++++++++++++++++++++++++++++++++++++++++++++++++++++++

Packet: 229  Time: 89 s

TransOp:[0]

Data A
BaselinesMessage

72.148.18.246:44463 -> 192.168.2.2:3103(Server -> Client)
Enc: T   Comp: T    Seed: 0x00    Length: 478

00 09 00 6F 00 19 E7 05 00 0C 5F A7 68 64 37 31        ...o......_.hd71
01 00 00 00 00 4F 45 52 43 03 D0 00 00 00 12 00        .....OERC.......
00 00 20 41 0F 00 74 68 65 6D 65 5F 70 61 72 6B        ...A..theme_park
5F 6E 61 6D 65 00 00 00 00 14 00 62 6F 75 6E 74        _name......bount
79 68 75 6E 74 65 72 5F 74 72 61 69 6E 65 72 1B        yhunter_trainer.
00 00 00 54 00 75 00 71 00 61 00 6F 00 76 00 20        ...T.u.q.a.o.v..
00 20 00 28 00 61 00 20 00 42 00 72 00 61 00 77        ...(.a...B.r.a.w
00 6C 00 65 00 72 00 20 00 74 00 72 00 61 00 69        .l.e.r...t.r.a.i
00 6E 00 65 00 72 00 29 00 CA E5 85 00 00 00 00        .n.e.r.)........
00 00 00 00 00 00 00 08 01 00 00 00 00 00 00 00        ................
00 00 00 00 00 00 00 00 00 FF 00 00 00 00 00 00        ................
00 00 00 00 00 00 00 00 00 00 00 00 00 00 00 00        ................
00 00 09 00 00 00 00 00 00 00 00 00 00 00 00 00        ................
00 00 00 00 00 00 00 00 00 00 00 00 00 00 00 00        ................
00 00 00 00 00 00 00 00 00 00 00 00 00 00 C7 05        ................
00 0C 5F A7 68 64 37 31 01 00 00 00 00 4F 45 52        .._.hd71.....OER
43 06 B0 00 00 00 16 00 3D 00 00 00 00 00 00 00        C.......=.......
00 00 00 00 00 00 00 00 04 00 6E 6F 6E 65 00 00        ..........none..
00 00 00 00 00 00 00 00 00 00 00 00 00 00 00 00        ................
00 00 00 00 00 00 00 00 00 00 00 00 00 00 00 00        ................
00 00 00 00 00 00 00 00 00 00 00 00 00 00 00 00        ................
00 00 00 09 00 00 00 00 00 00 00 00 00 00 00 00        ................
00 00 00 00 00 00 00 00 00 00 00 00 00 00 00 00        ................
00 00 00 00 00 00 00 00 00 00 00 00 00 00 00 09        ................
00 00 00 00 00 00 00 00 00 00 00 00 00 00 00 00        ................
00 00 00 00 00 00 00 00 00 00 00 00 00 00 00 00        ................
00 00 00 00 00 00 00 00 00 00 00 00 00 00 00 00        ................
00 00 00 00 00 00 16 04 00 26 C1 A1 08 00 00 00        .........&......
00 00 00 00 00 64 37 31 01 00 00 00 00 0E 02 00        .....d71........
37 60 43 2C 64 37 31 01 00 00 00 00 5B 10              7`C,d71.....[.

+++++++++++++++++++++++++++++++++++++++++++++++++++++++++++++++++++++++

Packet: 230  Time: 89 s

TransOp:[0]

Data A
SceneCreateObjectByCRC

72.148.18.246:44463 -> 192.168.2.2:3103(Server -> Client)
Enc: T   Comp: T    Seed: 0x00    Length: 291

00 09 00 70 00 19 2F 05 00 EA DD 89 FE 36 38 31        ...p../......681
01 00 00 00 00 00 00 00 00 8E E9 B1 BE 00 00 80        ................
3F 20 0C 70 3F 00 40 9E C4 00 00 40 41 00 A0 62        ?..p?.@....@A..b
C5 8A 7E 6E 2F 00 EA 05 00 0C 5F A7 68 36 38 31        ..~n/....._.h681
01 00 00 00 00 4F 45 52 43 03 D3 00 00 00 12 00        .....OERC.......
00 00 20 41 08 00 6E 70 63 5F 6E 61 6D 65 00 00        ...A..npc_name..
00 00 10 00 74 77 69 6C 65 6B 5F 62 61 73 65 5F        ....twilek_base_
6D 61 6C 65 22 00 00 00 4D 00 6F 00 64 00 61 00        male"...M.o.d.a.
20 00 5A 00 69 00 78 00 69 00 20 00 28 00 61 00        ..Z.i.x.i...(.a.
6E 00 20 00 45 00 6E 00 74 00 65 00 72 00 74 00        n...E.n.t.e.r.t.
61 00 69 00 6E 00 65 00 72 00 20 00 74 00 72 00        a.i.n.e.r...t.r.
61 00 69 00 6E 00 65 00 72 00 29 00 CA E5 85 00        a.i.n.e.r.).....
00 00 00 00 00 00 00 00 00 00 08 01 00 00 00 00        ................
00 00 00 00 00 00 00 00 00 00 00 00 FF 00 00 00        ................
00 00 00 00 00 00 00 00 00 00 00 00 00 00 00 00        ................
00 00 00 00 00 09 00 00 00 00 00 00 00 00 00 00        ................
00 00 00 00 00 00 00 00 00 00 00 00 00 00 00 00        ................
00 00 00 00 00 00 00 00 00 00 00 00 00 00 00 00        ................
00 99 CC                                               ...

-----------------------------------------

Found CRCs:

2F6E7E8A   object/mobile/shared_dressed_entertainer_trainer_twk_male_01.iff

---------------------------------------------

+++++++++++++++++++++++++++++++++++++++++++++++++++++++++++++++++++++++

Packet: 231  Time: 89 s

TransOp:[0]

Data A
BaselinesMessage

72.148.18.246:44463 -> 192.168.2.2:3103(Server -> Client)
Enc: T   Comp: T    Seed: 0x00    Length: 463

00 09 00 71 00 19 C7 05 00 0C 5F A7 68 36 38 31        ...q......_.h681
01 00 00 00 00 4F 45 52 43 06 B0 00 00 00 16 00        .....OERC.......
3D 00 00 00 00 00 00 00 00 00 00 00 00 00 00 00        =...............
04 00 6E 6F 6E 65 00 00 00 00 00 00 00 00 00 00        ..none..........
00 00 00 00 00 00 00 00 00 00 00 00 00 00 00 00        ................
00 00 00 00 00 00 00 00 00 00 00 00 00 00 00 00        ................
00 00 00 00 00 00 00 00 00 00 00 09 00 00 00 00        ................
00 00 00 00 00 00 00 00 00 00 00 00 00 00 00 00        ................
00 00 00 00 00 00 00 00 00 00 00 00 00 00 00 00        ................
00 00 00 00 00 00 00 09 00 00 00 00 00 00 00 00        ................
00 00 00 00 00 00 00 00 00 00 00 00 00 00 00 00        ................
00 00 00 00 00 00 00 00 00 00 00 00 00 00 00 00        ................
00 00 00 00 00 00 00 00 00 00 00 00 00 00 16 04        ................
00 26 C1 A1 08 00 00 00 00 00 00 00 00 36 38 31        .&...........681
01 00 00 00 00 0E 02 00 37 60 43 2C 36 38 31 01        ........7`C,681.
00 00 00 00 2F 05 00 EA DD 89 FE 1A 5F 60 66 00        ..../......._`f.
00 00 00 00 00 00 00 E7 8C 48 3F 00 00 00 00 CE        .........H?.....
1B 1F BF AE BF 9F C4 47 72 48 41 1F 19 65 C5 55        .......GrHA..e.U
C9 9C 76 00 A8 05 00 0C 5F A7 68 1A 5F 60 66 00        ..v....._.h._`f.
00 00 00 4F 45 52 43 03 91 00 00 00 12 00 00 00        ...OERC.........
20 41 0D 00 74 65 72 6D 69 6E 61 6C 5F 6E 61 6D        .A..terminal_nam
65 00 00 00 00 0D 00 74 65 72 6D 69 6E 61 6C 5F        e......terminal_
62 61 6E 6B 00 00 00 00 CA E5 85 00 00 00 00 00        bank............
00 00 00 00 00 00 08 01 00 00 00 00 00 00 00 00        ................
00 00 00 00 00 00 00 00 FF 00 00 00 00 00 00 00        ................
00 00 00 00 00 00 00 00 00 00 00 00 00 00 00 00        ................
00 09 00 00 00 00 00 00 00 00 00 00 00 00 00 00        ................
00 00 00 00 00 00 00 00 00 00 00 00 00 00 00 00        ................
00 00 00 00 00 00 00 00 00 00 00 00 00 8C BA           ...............

-----------------------------------------

Found CRCs:

769CC955   object/tangible/terminal/shared_terminal_bank.iff

---------------------------------------------

+++++++++++++++++++++++++++++++++++++++++++++++++++++++++++++++++++++++

Packet: 232  Time: 89 s

TransOp:[0]

Data A
BaselinesMessage

72.148.18.246:44463 -> 192.168.2.2:3103(Server -> Client)
Enc: T   Comp: T    Seed: 0x00    Length: 501

00 09 00 72 00 19 C7 05 00 0C 5F A7 68 1A 5F 60        ...r......_.h._`
66 00 00 00 00 4F 45 52 43 06 B0 00 00 00 16 00        f....OERC.......
3D 00 00 00 00 00 00 00 00 00 00 00 00 00 00 00        =...............
04 00 6E 6F 6E 65 00 00 00 00 00 00 00 00 00 00        ..none..........
00 00 00 00 00 00 00 00 00 00 00 00 00 00 00 00        ................
00 00 00 00 00 00 00 00 00 00 00 00 00 00 00 00        ................
00 00 00 00 00 00 00 00 00 00 00 09 00 00 00 00        ................
00 00 00 00 00 00 00 00 00 00 00 00 00 00 00 00        ................
00 00 00 00 00 00 00 00 00 00 00 00 00 00 00 00        ................
00 00 00 00 00 00 00 09 00 00 00 00 00 00 00 00        ................
00 00 00 00 00 00 00 00 00 00 00 00 00 00 00 00        ................
00 00 00 00 00 00 00 00 00 00 00 00 00 00 00 00        ................
00 00 00 00 00 00 00 00 00 00 00 00 00 00 16 04        ................
00 26 C1 A1 08 00 00 00 00 00 00 00 00 1A 5F 60        .&............_`
66 00 00 00 00 0E 02 00 37 60 43 2C 1A 5F 60 66        f.......7`C,._`f
00 00 00 00 0F 03 00 9C 49 12 F6 01 E7 B1 0F 00        ........I.......
00 00 00 00 0F 03 00 9C 49 12 F6 01 E6 B1 0F 00        ........I.......
00 00 00 00 0F 03 00 9C 49 12 F6 01 E5 B1 0F 00        ........I.......
00 00 00 00 0F 03 00 9C 49 12 F6 01 E4 B1 0F 00        ........I.......
00 00 00 00 0F 03 00 9C 49 12 F6 01 E3 B1 0F 00        ........I.......
00 00 00 00 0F 03 00 9C 49 12 F6 01 E2 B1 0F 00        ........I.......
00 00 00 00 0F 03 00 9C 49 12 F6 01 E1 B1 0F 00        ........I.......
00 00 00 00 0F 03 00 9C 49 12 F6 01 E0 B1 0F 00        ........I.......
00 00 00 00 0F 03 00 9C 49 12 F6 01 DF B1 0F 00        ........I.......
00 00 00 00 0E 02 00 37 60 43 2C DE B1 0F 00 00        .......7`C,.....
00 00 00 0F 03 00 9C 49 12 F6 01 AD AC 12 00 00        .......I........
00 00 00 0F 03 00 9C 49 12 F6 01 AC AC 12 00 00        .......I........
00 00 00 0F 03 00 9C 49 12 F6 01 AB AC 12 00 00        .......I........
00 00 00 0F 03 00 9C 49 12 F6 01 AA AC 12 00 00        .......I........
00 00 00 0F 03 00 9C 49 12 F6 01 A9 AC 12 00 00        .......I........
00 00 00 0F 03 00 9C 49 12 F6 01 A8 AC 12 00 00        .......I........
00 00 00 5E F9                                         ...^.

+++++++++++++++++++++++++++++++++++++++++++++++++++++++++++++++++++++++

Packet: 233  Time: 89 s

TransOp:[0]

Data A
UpdateCellPermissionMessage

72.148.18.246:44463 -> 192.168.2.2:3103(Server -> Client)
Enc: T   Comp: T    Seed: 0x00    Length: 478

00 09 00 73 00 19 0F 03 00 9C 49 12 F6 01 A7 AC        ...s......I.....
12 00 00 00 00 00 0F 03 00 9C 49 12 F6 01 A6 AC        ..........I.....
12 00 00 00 00 00 0F 03 00 9C 49 12 F6 01 AF AC        ..........I.....
12 00 00 00 00 00 0F 03 00 9C 49 12 F6 01 AE AC        ..........I.....
12 00 00 00 00 00 0E 02 00 37 60 43 2C A5 AC 12        .........7`C,...
00 00 00 00 00 2F 05 00 EA DD 89 FE FE 43 4C 01        ...../.......CL.
00 00 00 00 00 00 00 00 00 00 00 00 00 00 00 00        ................
00 00 80 3F 8F A2 9E C4 00 00 40 41 52 BC 64 C5        ...?......@AR.d.
3D A5 57 6A 00 8E 05 00 0C 5F A7 68 FE 43 4C 01        =.Wj....._.h.CL.
00 00 00 00 4F 45 52 43 03 77 00 00 00 12 00 00        ....OERC.w......
00 20 41 00 00 00 00 00 00 00 00 00 00 00 00 CA        ..A.............
E5 85 00 00 00 00 00 00 00 00 00 00 00 08 01 00        ................
00 00 00 00 00 00 00 00 00 00 00 00 00 00 00 FF        ................
00 00 00 00 00 00 00 00 00 00 00 00 00 00 00 00        ................
00 00 00 00 00 00 00 00 09 00 00 00 00 00 00 00        ................
00 00 00 00 00 00 00 00 00 00 00 00 00 00 00 00        ................
00 00 00 00 00 00 00 00 00 00 00 00 00 00 00 00        ................
00 00 00 00 C7 05 00 0C 5F A7 68 FE 43 4C 01 00        ........_.h.CL..
00 00 00 4F 45 52 43 06 B0 00 00 00 16 00 3D 00        ...OERC.......=.
00 00 00 00 00 00 00 00 00 00 00 00 00 00 04 00        ................
6E 6F 6E 65 00 00 00 00 00 00 00 00 00 00 00 00        none............
00 00 00 00 00 00 00 00 00 00 00 00 00 00 00 00        ................
00 00 00 00 00 00 00 00 00 00 00 00 00 00 00 00        ................
00 00 00 00 00 00 00 00 00 09 00 00 00 00 00 00        ................
00 00 00 00 00 00 00 00 00 00 00 00 00 00 00 00        ................
00 00 00 00 00 00 00 00 00 00 00 00 00 00 00 00        ................
00 00 00 00 00 09 00 00 00 00 00 00 00 00 00 00        ................
00 00 00 00 00 00 00 00 00 00 00 00 00 00 00 00        ................
00 00 00 00 00 00 00 00 00 00 00 00 00 00 00 00        ................
00 00 00 00 00 00 00 00 00 00 00 00 5A AD              ............Z.

-----------------------------------------

Found CRCs:

6A57A53D   object/static/structure/nobuild/shared_nobuild_128.iff

---------------------------------------------

+++++++++++++++++++++++++++++++++++++++++++++++++++++++++++++++++++++++

Packet: 234  Time: 89 s

TransOp:[0]

Data A
UpdatePvpStatusMessage

72.148.18.246:44463 -> 192.168.2.2:3103(Server -> Client)
Enc: T   Comp: T    Seed: 0x00    Length: 333

00 09 00 74 00 19 16 04 00 26 C1 A1 08 00 00 00        ...t.....&......
00 00 00 00 00 FE 43 4C 01 00 00 00 00 0E 02 00        ......CL........
37 60 43 2C FE 43 4C 01 00 00 00 00 0E 02 00 37        7`C,.CL........7
60 43 2C 9C F8 11 00 00 00 00 00 2F 05 00 EA DD        `C,......../....
89 FE 20 3A 31 01 00 00 00 00 00 00 00 00 56 9D        ...:1.........V.
75 3F 00 00 00 00 92 5A 90 3E 00 80 A1 C4 00 00        u?.....Z.>......
40 41 00 80 5E C5 40 C3 54 3A 00 DF 05 00 0C 5F        @A..^.@.T:....._
A7 68 20 3A 31 01 00 00 00 00 4F 45 52 43 03 C8        .h.:1.....OERC..
00 00 00 12 00 00 00 20 41 08 00 6E 70 63 5F 6E        ........A..npc_n
61 6D 65 00 00 00 00 0F 00 68 75 6D 61 6E 5F 62        ame......human_b
61 73 65 5F 6D 61 6C 65 1D 00 00 00 4F 00 6F 00        ase_male....O.o.
74 00 65 00 6F 00 7A 00 20 00 56 00 6F 00 79 00        t.e.o.z...V.o.y.
65 00 20 00 28 00 61 00 20 00 53 00 63 00 6F 00        e...(.a...S.c.o.
75 00 74 00 20 00 74 00 72 00 61 00 69 00 6E 00        u.t...t.r.a.i.n.
65 00 72 00 29 00 CA E5 85 00 00 00 00 00 00 00        e.r.)...........
00 00 00 00 08 01 00 00 00 00 00 00 00 00 00 00        ................
00 00 00 00 00 00 FF 00 00 00 00 00 00 00 00 00        ................
00 00 00 00 00 00 00 00 00 00 00 00 00 00 00 09        ................
00 00 00 00 00 00 00 00 00 00 00 00 00 00 00 00        ................
00 00 00 00 00 00 00 00 00 00 00 00 00 00 00 00        ................
00 00 00 00 00 00 00 00 00 00 00 ED 74                 ............t

-----------------------------------------

Found CRCs:

3A54C340   object/mobile/shared_dressed_scout_trainer_01.iff

---------------------------------------------

+++++++++++++++++++++++++++++++++++++++++++++++++++++++++++++++++++++++

Packet: 235  Time: 89 s

TransOp:[0]

Data A
BaselinesMessage

72.148.18.246:44463 -> 192.168.2.2:3103(Server -> Client)
Enc: T   Comp: T    Seed: 0x00    Length: 321

00 09 00 75 00 19 C7 05 00 0C 5F A7 68 20 3A 31        ...u......_.h.:1
01 00 00 00 00 4F 45 52 43 06 B0 00 00 00 16 00        .....OERC.......
3D 00 00 00 00 00 00 00 00 00 00 00 00 00 00 00        =...............
04 00 6E 6F 6E 65 00 00 00 00 00 00 00 00 00 00        ..none..........
00 00 00 00 00 00 00 00 00 00 00 00 00 00 00 00        ................
00 00 00 00 00 00 00 00 00 00 00 00 00 00 00 00        ................
00 00 00 00 00 00 00 00 00 00 00 09 00 00 00 00        ................
00 00 00 00 00 00 00 00 00 00 00 00 00 00 00 00        ................
00 00 00 00 00 00 00 00 00 00 00 00 00 00 00 00        ................
00 00 00 00 00 00 00 09 00 00 00 00 00 00 00 00        ................
00 00 00 00 00 00 00 00 00 00 00 00 00 00 00 00        ................
00 00 00 00 00 00 00 00 00 00 00 00 00 00 00 00        ................
00 00 00 00 00 00 00 00 00 00 00 00 00 00 16 04        ................
00 26 C1 A1 08 00 00 00 00 00 00 00 00 20 3A 31        .&............:1
01 00 00 00 00 0E 02 00 37 60 43 2C 20 3A 31 01        ........7`C,.:1.
00 00 00 00 2F 05 00 EA DD 89 FE 7A 35 31 01 00        ..../......z51..
00 00 00 00 00 00 00 66 66 66 3F 00 00 00 00 00        .......fff?.....
00 80 3F 00 00 38 41 CD CC 8C 3F 00 00 48 C1 F9        ..?..8A...?..H..
0A 20 F4 00 1A 04 00 9E DE CB 56 7A 35 31 01 00        ..........Vz51..
00 00 00 E5 B1 0F 00 00 00 00 00 FF FF FF FF 80        ................
0F                                                     .

-----------------------------------------

Found CRCs:

F4200AF9   object/mobile/shared_dressed_architect_trainer_02.iff

---------------------------------------------

+++++++++++++++++++++++++++++++++++++++++++++++++++++++++++++++++++++++

Packet: 236  Time: 89 s

TransOp:[0]

Data A
BaselinesMessage

72.148.18.246:44463 -> 192.168.2.2:3103(Server -> Client)
Enc: T   Comp: T    Seed: 0x00    Length: 478

00 09 00 76 00 19 F6 05 00 0C 5F A7 68 7A 35 31        ...v......_.hz51
01 00 00 00 00 4F 45 52 43 03 DF 00 00 00 12 00        .....OERC.......
00 00 20 41 0F 00 74 68 65 6D 65 5F 70 61 72 6B        ...A..theme_park
5F 6E 61 6D 65 00 00 00 00 11 00 61 72 63 68 69        _name......archi
74 65 63 74 5F 74 72 61 69 6E 65 72 24 00 00 00        tect_trainer$...
52 00 69 00 6A 00 69 00 61 00 6D 00 6A 00 69 00        R.i.j.i.a.m.j.i.
20 00 4D 00 75 00 6D 00 6F 00 20 00 28 00 61 00        ..M.u.m.o...(.a.
6E 00 20 00 41 00 72 00 63 00 68 00 69 00 74 00        n...A.r.c.h.i.t.
65 00 63 00 74 00 20 00 74 00 72 00 61 00 69 00        e.c.t...t.r.a.i.
6E 00 65 00 72 00 29 00 CA E5 85 00 00 00 00 00        n.e.r.).........
00 00 00 00 00 00 08 01 00 00 00 00 00 00 00 00        ................
00 00 00 00 00 00 00 00 FF 00 00 00 00 00 00 00        ................
00 00 00 00 00 00 00 00 00 00 00 00 00 00 00 00        ................
00 09 00 00 00 00 00 00 00 00 00 00 00 00 00 00        ................
00 00 00 00 00 00 00 00 00 00 00 00 00 00 00 00        ................
00 00 00 00 00 00 00 00 00 00 00 00 00 C7 05 00        ................
0C 5F A7 68 7A 35 31 01 00 00 00 00 4F 45 52 43        ._.hz51.....OERC
06 B0 00 00 00 16 00 3D 00 00 00 00 00 00 00 00        .......=........
00 00 00 00 00 00 00 04 00 6E 6F 6E 65 00 00 00        .........none...
00 00 00 00 00 00 00 00 00 00 00 00 00 00 00 00        ................
00 00 00 00 00 00 00 00 00 00 00 00 00 00 00 00        ................
00 00 00 00 00 00 00 00 00 00 00 00 00 00 00 00        ................
00 00 09 00 00 00 00 00 00 00 00 00 00 00 00 00        ................
00 00 00 00 00 00 00 00 00 00 00 00 00 00 00 00        ................
00 00 00 00 00 00 00 00 00 00 00 00 00 00 09 00        ................
00 00 00 00 00 00 00 00 00 00 00 00 00 00 00 00        ................
00 00 00 00 00 00 00 00 00 00 00 00 00 00 00 00        ................
00 00 00 00 00 00 00 00 00 00 00 00 00 00 00 00        ................
00 00 00 00 00 16 04 00 26 C1 A1 08 00 00 00 00        ........&.......
00 00 00 00 7A 35 31 01 00 00 00 00 E5 DB              ....z51.......

+++++++++++++++++++++++++++++++++++++++++++++++++++++++++++++++++++++++

Packet: 237  Time: 89 s

TransOp:[0]

Data A
SCENE_END_BASELINES

72.148.18.246:44463 -> 192.168.2.2:3103(Server -> Client)
Enc: T   Comp: T    Seed: 0x00    Length: 299

00 09 00 77 00 19 0E 02 00 37 60 43 2C 7A 35 31        ...w.....7`C,z51
01 00 00 00 00 2F 05 00 EA DD 89 FE CE 6D 31 01        ...../.......m1.
00 00 00 00 00 00 00 00 83 22 8C 3C 00 00 00 00        .........".<....
6F F6 7F 3F 3B 71 B1 BE 18 B1 23 3F 9B A6 44 42        o.?;q....#?..DB
FC F0 02 74 00 1A 04 00 9E DE CB 56 CE 6D 31 01        ...t.......V.m1.
00 00 00 00 0C AB 0F 00 00 00 00 00 FF FF FF FF        ................
C8 05 00 0C 5F A7 68 CE 6D 31 01 00 00 00 00 4F        ...._.h.m1.....O
45 52 43 03 B1 00 00 00 12 00 00 00 20 41 0D 00        ERC..........A..
74 65 72 6D 69 6E 61 6C 5F 6E 61 6D 65 00 00 00        terminal_name...
00 0F 00 74 65 72 6D 69 6E 61 6C 5F 74 72 61 76        ...terminal_trav
65 6C 0F 00 00 00 54 00 72 00 61 00 76 00 65 00        el....T.r.a.v.e.
6C 00 20 00 54 00 65 00 72 00 6D 00 69 00 6E 00        l...T.e.r.m.i.n.
61 00 6C 00 CA E5 85 00 00 00 00 00 00 00 00 00        a.l.............
00 00 08 01 00 00 00 00 00 00 00 00 00 00 00 00        ................
00 00 00 00 FF 00 00 00 00 00 00 00 00 00 00 00        ................
00 00 00 00 00 00 00 00 00 00 00 00 00 09 00 00        ................
00 00 00 00 00 00 00 00 00 00 00 00 00 00 00 00        ................
00 00 00 00 00 00 00 00 00 00 00 00 00 00 00 00        ................
00 00 00 00 00 00 00 00 00 92 C9                       ...........

-----------------------------------------

Found CRCs:

7402F0FC   object/tangible/terminal/shared_terminal_travel.iff

---------------------------------------------

+++++++++++++++++++++++++++++++++++++++++++++++++++++++++++++++++++++++

Packet: 238  Time: 89 s

TransOp:[0]

Data A
BaselinesMessage

72.148.18.246:44463 -> 192.168.2.2:3103(Server -> Client)
Enc: T   Comp: T    Seed: 0x00    Length: 485

00 09 00 78 00 19 C7 05 00 0C 5F A7 68 CE 6D 31        ...x......_.h.m1
01 00 00 00 00 4F 45 52 43 06 B0 00 00 00 16 00        .....OERC.......
3D 00 00 00 00 00 00 00 00 00 00 00 00 00 00 00        =...............
04 00 6E 6F 6E 65 00 00 00 00 00 00 00 00 00 00        ..none..........
00 00 00 00 00 00 00 00 00 00 00 00 00 00 00 00        ................
00 00 00 00 00 00 00 00 00 00 00 00 00 00 00 00        ................
00 00 00 00 00 00 00 00 00 00 00 09 00 00 00 00        ................
00 00 00 00 00 00 00 00 00 00 00 00 00 00 00 00        ................
00 00 00 00 00 00 00 00 00 00 00 00 00 00 00 00        ................
00 00 00 00 00 00 00 09 00 00 00 00 00 00 00 00        ................
00 00 00 00 00 00 00 00 00 00 00 00 00 00 00 00        ................
00 00 00 00 00 00 00 00 00 00 00 00 00 00 00 00        ................
00 00 00 00 00 00 00 00 00 00 00 00 00 00 16 04        ................
00 26 C1 A1 08 00 00 00 00 00 00 00 00 CE 6D 31        .&............m1
01 00 00 00 00 0E 02 00 37 60 43 2C CE 6D 31 01        ........7`C,.m1.
00 00 00 00 0F 03 00 9C 49 12 F6 01 13 23 0E 00        ........I....#..
00 00 00 00 0F 03 00 9C 49 12 F6 01 12 23 0E 00        ........I....#..
00 00 00 00 0F 03 00 9C 49 12 F6 01 11 23 0E 00        ........I....#..
00 00 00 00 0F 03 00 9C 49 12 F6 01 10 23 0E 00        ........I....#..
00 00 00 00 0F 03 00 9C 49 12 F6 01 0F 23 0E 00        ........I....#..
00 00 00 00 0F 03 00 9C 49 12 F6 01 0E 23 0E 00        ........I....#..
00 00 00 00 0F 03 00 9C 49 12 F6 01 0D 23 0E 00        ........I....#..
00 00 00 00 0F 03 00 9C 49 12 F6 01 0C 23 0E 00        ........I....#..
00 00 00 00 0F 03 00 9C 49 12 F6 01 0B 23 0E 00        ........I....#..
00 00 00 00 0F 03 00 9C 49 12 F6 01 0A 23 0E 00        ........I....#..
00 00 00 00 0F 03 00 9C 49 12 F6 01 09 23 0E 00        ........I....#..
00 00 00 00 0E 02 00 37 60 43 2C 08 23 0E 00 00        .......7`C,.#...
00 00 00 2F 05 00 EA DD 89 FE 24 DF 40 01 00 00        .../......$.@...
00 00 00 00 00 00 00 00 00 00 00 00 00 00 00 00        ................
80 3F 52 88 AF C4 00 00 40 41 52 4C 65 C5 3D A5        .?R.....@ARLe.=.
57 6A 00 E8 9D                                         Wj...

-----------------------------------------

Found CRCs:

6A57A53D   object/static/structure/nobuild/shared_nobuild_128.iff

---------------------------------------------

+++++++++++++++++++++++++++++++++++++++++++++++++++++++++++++++++++++++

Packet: 239  Time: 89 s

TransOp:[0]

Data A
BaselinesMessage

72.148.18.246:44463 -> 192.168.2.2:3103(Server -> Client)
Enc: T   Comp: T    Seed: 0x00    Length: 464

00 09 00 79 00 19 8E 05 00 0C 5F A7 68 24 DF 40        ...y......_.h$.@
01 00 00 00 00 4F 45 52 43 03 77 00 00 00 12 00        .....OERC.w.....
00 00 20 41 00 00 00 00 00 00 00 00 00 00 00 00        ...A............
CA E5 85 00 00 00 00 00 00 00 00 00 00 00 08 01        ................
00 00 00 00 00 00 00 00 00 00 00 00 00 00 00 00        ................
FF 00 00 00 00 00 00 00 00 00 00 00 00 00 00 00        ................
00 00 00 00 00 00 00 00 00 09 00 00 00 00 00 00        ................
00 00 00 00 00 00 00 00 00 00 00 00 00 00 00 00        ................
00 00 00 00 00 00 00 00 00 00 00 00 00 00 00 00        ................
00 00 00 00 00 C7 05 00 0C 5F A7 68 24 DF 40 01        ........._.h$.@.
00 00 00 00 4F 45 52 43 06 B0 00 00 00 16 00 3D        ....OERC.......=
00 00 00 00 00 00 00 00 00 00 00 00 00 00 00 04        ................
00 6E 6F 6E 65 00 00 00 00 00 00 00 00 00 00 00        .none...........
00 00 00 00 00 00 00 00 00 00 00 00 00 00 00 00        ................
00 00 00 00 00 00 00 00 00 00 00 00 00 00 00 00        ................
00 00 00 00 00 00 00 00 00 00 09 00 00 00 00 00        ................
00 00 00 00 00 00 00 00 00 00 00 00 00 00 00 00        ................
00 00 00 00 00 00 00 00 00 00 00 00 00 00 00 00        ................
00 00 00 00 00 00 09 00 00 00 00 00 00 00 00 00        ................
00 00 00 00 00 00 00 00 00 00 00 00 00 00 00 00        ................
00 00 00 00 00 00 00 00 00 00 00 00 00 00 00 00        ................
00 00 00 00 00 00 00 00 00 00 00 00 00 16 04 00        ................
26 C1 A1 08 00 00 00 00 00 00 00 00 24 DF 40 01        &...........$.@.
00 00 00 00 0E 02 00 37 60 43 2C 24 DF 40 01 00        .......7`C,$.@..
00 00 00 2F 05 00 EA DD 89 FE 88 6D 31 01 00 00        .../.......m1...
00 00 00 00 00 00 5D 35 97 3E 00 00 00 00 C4 94        ......]5.>......
74 BF 33 33 3C 41 18 B1 23 3F 7F 19 4A 42 FC F0        t.33<A..#?.JB..
02 74 00 1A 04 00 9E DE CB 56 88 6D 31 01 00 00        .t.......V.m1...
00 00 0C AB 0F 00 00 00 00 00 FF FF FF FF CD 7E        ...............~
                                                       

-----------------------------------------

Found CRCs:

7402F0FC   object/tangible/terminal/shared_terminal_travel.iff

---------------------------------------------

+++++++++++++++++++++++++++++++++++++++++++++++++++++++++++++++++++++++

Packet: 240  Time: 89 s

TransOp:[0]

Disconnect

192.168.2.2:3103 -> 72.148.18.246:44463(Client -> Server)
Enc: T   Comp: F    Seed: 0x00    Length: 11

00 05 09 02 7B B9 00 06 00 E3 14                       ....{......

+++++++++++++++++++++++++++++++++++++++++++++++++++++++++++++++++++++++
