
00 09 01 D6 00 19 

4F 

05 00 
46 5E CE 80 
0B 00 00 00 
47 01 00 00 
15 00 00 00 67 00 00 00 
00 00 00 00 
15 00 00 00 15 09 00 00 
15 00 00 00 67 00 00 00 
04 00 00 00 
01 00 08 03 00 00 00 00 
02 00 05 03 00 00 00 00 
03 00 07 03 00 00 00 00 
04 00 25 03 00 00 00 00 
05 

23 

05 00 
53 21 86 12 
15 00 00 00 67 00 00 00 
4F 45 52 43 06 
0C 00 00 00 
01 00        .g...OERC.......
09 00 
15 00 00 00 15 09 00 00 

3C 68                    ..........<h

+++++++++++++++++++++++++++++++++++++++++++++++++++++++++++++++++++++++

+++++++++++++++++++++++++++++++++++++++++++++++++++++++++++++++++++++++

Packet: 1250  Time: 347 s

TransOp:[0]

Data A
ObjControllerMessage

66.90.104.117:44463 -> 192.168.1.191:1287(Server -> Client)
Enc: T   Comp: T    Seed: 0x7D272699    Length: 129

00 09 01 D7 00 19 1C 

05 00 
46 5E CE 80 
1B 00 00 00 
31 01 00 00 
2A 00 83 5C 00 00 00 00 
00 00 00 00 
00 
01 


1C 

05 00 
53 21 86 12 
2A 00 83 5C 00 00 00 00 
4F 45 52 43 03 
05 00 00 00 
01 00 
0B 00 
00 

3E 

05 00 
46 5E CE 80 
1B 00 00 00 
CC 00 00 00 
2A 00 83 5C 00 00 00 00 
00 00 00 00 
45 02 29 AB 
2A 00 83 5C 00 00 00 00 
00 00 00 00 00 00 00 00 
00        ..\.............
FF FF 01 00 
2A 00 83 5C 00 00 00 00 
00 00 
00 

A4        ....*..\........
25                                                     %

+++++++++++++++++++++++++++++++++++++++++++++++++++++++++++++++++++++++

Packet: 1251  Time: 347 s

TransOp:[0]

Ack A

192.168.1.191:1287 -> 66.90.104.117:44463(Client -> Server)
Enc: T   Comp: F    Seed: 0x7D272699    Length: 7

00 15 01 D7 00 95 99                                   .......

----------------------------
[ACK]

Sequence: 471



+++++++++++++++++++++++++++++++++++++++++++++++++++++++++++++++++++++++

Packet: 1252  Time: 348 s

TransOp:[0]

Data A
DeltasMessage

66.90.104.117:44463 -> 192.168.1.191:1287(Server -> Client)
Enc: T   Comp: F    Seed: 0x7D272699    Length: 42

00 09 01 D8 

05 00 
53 21 86 12 
15 00 00 00 55 12 00 00 
4F 45 52 43 06 
0C 00 00 00 
01 00 
0D 00 
00 00 00 00 75 00 00 00 00 

F4 DC                          ...u......

+++++++++++++++++++++++++++++++++++++++++++++++++++++++++++++++++++++++
